Level	Amazon	Sorceress	Necromancer	Paladin	Barbarian	Druid	Assassin	ExpRatio
MaxLvl	125	125	125	125	125	125	125	10
0	0	0	0	0	0	0	0	1024
1	500	500	500	500	500	500	500	1024
2	1500	1500	1500	1500	1500	1500	1500	1024
3	3750	3750	3750	3750	3750	3750	3750	1024
4	7875	7875	7875	7875	7875	7875	7875	1024
5	14175	14175	14175	14175	14175	14175	14175	1024
6	22680	22680	22680	22680	22680	22680	22680	1024
7	32886	32886	32886	32886	32886	32886	32886	1024
8	44396	44396	44396	44396	44396	44396	44396	1024
9	57715	57715	57715	57715	57715	57715	57715	1024
10	72144	72144	72144	72144	72144	72144	72144	1024
11	90180	90180	90180	90180	90180	90180	90180	1024
12	112725	112725	112725	112725	112725	112725	112725	1024
13	140906	140906	140906	140906	140906	140906	140906	1024
14	176132	176132	176132	176132	176132	176132	176132	1024
15	220165	220165	220165	220165	220165	220165	220165	1024
16	275207	275207	275207	275207	275207	275207	275207	1024
17	344008	344008	344008	344008	344008	344008	344008	1024
18	430010	430010	430010	430010	430010	430010	430010	1024
19	537513	537513	537513	537513	537513	537513	537513	1024
20	671891	671891	671891	671891	671891	671891	671891	1024
21	839864	839864	839864	839864	839864	839864	839864	1024
22	1049830	1049830	1049830	1049830	1049830	1049830	1049830	1024
23	1312287	1312287	1312287	1312287	1312287	1312287	1312287	1024
24	1640359	1640359	1640359	1640359	1640359	1640359	1640359	1024
25	2050449	2050449	2050449	2050449	2050449	2050449	2050449	1024
26	2563061	2563061	2563061	2563061	2563061	2563061	2563061	1024
27	3203826	3203826	3203826	3203826	3203826	3203826	3203826	1024
28	3902260	3902260	3902260	3902260	3902260	3902260	3902260	1024
29	4663553	4663553	4663553	4663553	4663553	4663553	4663553	1024
30	5493363	5493363	5493363	5493363	5493363	5493363	5493363	1024
31	6397855	6397855	6397855	6397855	6397855	6397855	6397855	1024
32	7383752	7383752	7383752	7383752	7383752	7383752	7383752	1024
33	8458379	8458379	8458379	8458379	8458379	8458379	8458379	1024
34	9629723	9629723	9629723	9629723	9629723	9629723	9629723	1024
35	10906488	10906488	10906488	10906488	10906488	10906488	10906488	1024
36	12298162	12298162	12298162	12298162	12298162	12298162	12298162	1024
37	13815086	13815086	13815086	13815086	13815086	13815086	13815086	1024
38	15468534	15468534	15468534	15468534	15468534	15468534	15468534	1024
39	17270791	17270791	17270791	17270791	17270791	17270791	17270791	1024
40	19235252	19235252	19235252	19235252	19235252	19235252	19235252	1024
41	21376515	21376515	21376515	21376515	21376515	21376515	21376515	1024
42	23710491	23710491	23710491	23710491	23710491	23710491	23710491	1024
43	26254525	26254525	26254525	26254525	26254525	26254525	26254525	1024
44	29027522	29027522	29027522	29027522	29027522	29027522	29027522	1024
45	32050088	32050088	32050088	32050088	32050088	32050088	32050088	1024
46	35344686	35344686	35344686	35344686	35344686	35344686	35344686	1024
47	38935798	38935798	38935798	38935798	38935798	38935798	38935798	1024
48	42850109	42850109	42850109	42850109	42850109	42850109	42850109	1024
49	47116709	47116709	47116709	47116709	47116709	47116709	47116709	1024
50	51767302	51767302	51767302	51767302	51767302	51767302	51767302	1024
51	56836449	56836449	56836449	56836449	56836449	56836449	56836449	1024
52	62361819	62361819	62361819	62361819	62361819	62361819	62361819	1024
53	68384473	68384473	68384473	68384473	68384473	68384473	68384473	1024
54	74949165	74949165	74949165	74949165	74949165	74949165	74949165	1024
55	82104680	82104680	82104680	82104680	82104680	82104680	82104680	1024
56	89904191	89904191	89904191	89904191	89904191	89904191	89904191	1024
57	98405658	98405658	98405658	98405658	98405658	98405658	98405658	1024
58	107672256	107672256	107672256	107672256	107672256	107672256	107672256	1024
59	117772849	117772849	117772849	117772849	117772849	117772849	117772849	1024
60	128782495	128782495	128782495	128782495	128782495	128782495	128782495	1024
61	140783010	140783010	140783010	140783010	140783010	140783010	140783010	1024
62	153863570	153863570	153863570	153863570	153863570	153863570	153863570	1024
63	168121381	168121381	168121381	168121381	168121381	168121381	168121381	1024
64	183662396	183662396	183662396	183662396	183662396	183662396	183662396	1024
65	200602101	200602101	200602101	200602101	200602101	200602101	200602101	1024
66	219066380	219066380	219066380	219066380	219066380	219066380	219066380	1024
67	239192444	239192444	239192444	239192444	239192444	239192444	239192444	1024
68	261129853	261129853	261129853	261129853	261129853	261129853	261129853	1024
69	285041630	285041630	285041630	285041630	285041630	285041630	285041630	1024
70	311105466	311105466	311105466	311105466	311105466	311105466	311105466	1024
71	339515048	339515048	339515048	339515048	339515048	339515048	339515048	1024
72	370481492	370481492	370481492	370481492	370481492	370481492	370481492	1024
73	404234916	404234916	404234916	404234916	404234916	404234916	404234916	1024
74	441026148	441026148	441026148	441026148	441026148	441026148	441026148	1024
75	481128591	481128591	481128591	481128591	481128591	481128591	481128591	1024
76	524840254	524840254	524840254	524840254	524840254	524840254	524840254	1024
77	572485967	572485967	572485967	572485967	572485967	572485967	572485967	1024
78	624419793	624419793	624419793	624419793	624419793	624419793	624419793	1024
79	681027665	681027665	681027665	681027665	681027665	681027665	681027665	1024
80	720000000	720000000	720000000	720000000	720000000	720000000	720000000	1024
81	770000000	770000000	770000000	770000000	770000000	770000000	770000000	1024
82	820000000	820000000	820000000	820000000	820000000	820000000	820000000	1024
83	870000000	870000000	870000000	870000000	870000000	870000000	870000000	1024
84	920000000	920000000	920000000	920000000	920000000	920000000	920000000	1024
85	970000000	970000000	970000000	970000000	970000000	970000000	970000000	1024
86	1020000000	1020000000	1020000000	1020000000	1020000000	1020000000	1020000000	1024
87	1070000000	1070000000	1070000000	1070000000	1070000000	1070000000	1070000000	1024
88	1120000000	1120000000	1120000000	1120000000	1120000000	1120000000	1120000000	1024
89	1170000000	1170000000	1170000000	1170000000	1170000000	1170000000	1170000000	1024
90	1300000000	1300000000	1300000000	1300000000	1300000000	1300000000	1300000000	1024
91	1450000000	1450000000	1450000000	1450000000	1450000000	1450000000	1450000000	512
92	1600000000	1600000000	1600000000	1600000000	1600000000	1600000000	1600000000	512
93	1650000000	1650000000	1650000000	1650000000	1650000000	1650000000	1650000000	512
94	1700000000	1700000000	1700000000	1700000000	1700000000	1700000000	1700000000	512
95	1750000000	1750000000	1750000000	1750000000	1750000000	1750000000	1750000000	512
96	1800000000	1800000000	1800000000	1800000000	1800000000	1800000000	1800000000	512
97	1850000000	1850000000	1850000000	1850000000	1850000000	1850000000	1850000000	512
98	1900000000	1900000000	1900000000	1900000000	1900000000	1900000000	1900000000	512
99	1950000000	1950000000	1950000000	1950000000	1950000000	1950000000	1950000000	512
100	2000000000	2000000000	2000000000	2000000000	2000000000	2000000000	2000000000	512
101	2050000000	2050000000	2050000000	2050000000	2050000000	2050000000	2050000000	512
102	2100000000	2100000000	2100000000	2100000000	2100000000	2100000000	2100000000	512
103	2150000000	2150000000	2150000000	2150000000	2150000000	2150000000	2150000000	512
104	2200000000	2200000000	2200000000	2200000000	2200000000	2200000000	2200000000	512
105	2250000000	2250000000	2250000000	2250000000	2250000000	2250000000	2250000000	512
106	2300000000	2300000000	2300000000	2300000000	2300000000	2300000000	2300000000	512
107	2350000000	2350000000	2350000000	2350000000	2350000000	2350000000	2350000000	512
108	2400000000	2400000000	2400000000	2400000000	2400000000	2400000000	2400000000	512
109	2450000000	2450000000	2450000000	2450000000	2450000000	2450000000	2450000000	512
110	2500000000	2500000000	2500000000	2500000000	2500000000	2500000000	2500000000	512
111	2600000000	2600000000	2600000000	2600000000	2600000000	2600000000	2600000000	256
112	2700000000	2700000000	2700000000	2700000000	2700000000	2700000000	2700000000	256
113	2800000000	2800000000	2800000000	2800000000	2800000000	2800000000	2800000000	256
114	2900000000	2900000000	2900000000	2900000000	2900000000	2900000000	2900000000	256
115	3000000000	3000000000	3000000000	3000000000	3000000000	3000000000	3000000000	256
116	3100000000	3100000000	3100000000	3100000000	3100000000	3100000000	3100000000	256
117	3200000000	3200000000	3200000000	3200000000	3200000000	3200000000	3200000000	256
118	3300000000	3300000000	3300000000	3300000000	3300000000	3300000000	3300000000	256
119	3400000000	3400000000	3400000000	3400000000	3400000000	3400000000	3400000000	256
120	3500000000	3500000000	3500000000	3500000000	3500000000	3500000000	3500000000	256
121	3600000000	3600000000	3600000000	3600000000	3600000000	3600000000	3600000000	128
122	3700000000	3700000000	3700000000	3700000000	3700000000	3700000000	3700000000	128
123	3800000000	3800000000	3800000000	3800000000	3800000000	3800000000	3800000000	128
124	3900000000	3900000000	3900000000	3900000000	3900000000	3900000000	3900000000	128
125	4000000000	4000000000	4000000000	4000000000	4000000000	4000000000	4000000000	128
